      ss  di hi m df  m Demanda
          
   1   2  0 0  F           36703
   1   2  0 1  F           35673
   1   2  1 0  F           34527
   1   2  1 1  F           33996
   1   2  2 0  F           33526
   1   2  2 1  F           33176
   1   2  3 0  F           32902
   1   2  3 1  F           32758
   1   2  4 0  F           32938
   1   2  4 1  F           33093
   1   2  5 0  F           33691
   1   2  5 1  F           34477
   1   2  6 0  F           35920
   1   2  6 1  F           36055
   1   2  7 0  F           37330
   1   2  7 1  F           38429
   1   2  8 0  F           39228
   1   2  8 1  F           40100
   1   2  9 0  F           40599
   1   2  9 1  F           40904
   1   2 10 0  F           41342
   1   2 10 1  F           41634
   1   2 11 0  F           41427
   1   2 11 1  F           41348
   1   2 12 0  F           41127
   1   2 12 1  F           41261
   1   2 13 0  F           41914
   1   2 13 1  F           42591
   1   2 14 0  F           43060
   1   2 14 1  F           43519
   1   2 15 0  F           43980
   1   2 15 1  F           44372
   1   2 16 0  F           44672
   1   2 16 1  F           44969
   1   2 17 0  F           44736
   1   2 17 1  F           46585
   1   2 18 0  F           48056
   1   2 18 1  F           48198
   1   2 19 0  F           47352
   1   2 19 1  F           46510
   1   2 20 0  F           45952
   1   2 20 1  F           45830
   1   2 21 0  F           45146
   1   2 21 1  F           43993
   1   2 22 0  F           42918
   1   2 22 1  F           41671
   1   2 23 0  F           40155
   1   2 23 1  F           39142
   2   2  0 0  F           10126
   2   2  0 1  F            9747
   2   2  1 0  F            9442
   2   2  1 1  F            9228
   2   2  2 0  F            9047
   2   2  2 1  F            8923
   2   2  3 0  F            8870
   2   2  3 1  F            8872
   2   2  4 0  F            8920
   2   2  4 1  F            8983
   2   2  5 0  F            9307
   2   2  5 1  F            9668
   2   2  6 0  F           10350
   2   2  6 1  F           10986
   2   2  7 0  F           11617
   2   2  7 1  F           12204
   2   2  8 0  F           12626
   2   2  8 1  F           12817
   2   2  9 0  F           12954
   2   2  9 1  F           13009
   2   2 10 0  F           13130
   2   2 10 1  F           13230
   2   2 11 0  F           13227
   2   2 11 1  F           12752
   2   2 12 0  F           12192
   2   2 12 1  F           12054
   2   2 13 0  F           12423
   2   2 13 1  F           12819
   2   2 14 0  F           12985
   2   2 14 1  F           13098
   2   2 15 0  F           13249
   2   2 15 1  F           13432
   2   2 16 0  F           13627
   2   2 16 1  F           13800
   2   2 17 0  F           13951
   2   2 17 1  F           14277
   2   2 18 0  F           14594
   2   2 18 1  F           14575
   2   2 19 0  F           14272
   2   2 19 1  F           13914
   2   2 20 0  F           13534
   2   2 20 1  F           13282
   2   2 21 0  F           13016
   2   2 21 1  F           12750
   2   2 22 0  F           12313
   2   2 22 1  F           11804
   2   2 23 0  F           11121
   2   2 23 1  F           10770
   3   2  0 0  F           11417
   3   2  0 1  F           11222
   3   2  1 0  F           11045
   3   2  1 1  F           10919
   3   2  2 0  F           10792
   3   2  2 1  F           10669
   3   2  3 0  F           10574
   3   2  3 1  F           10542
   3   2  4 0  F           10529
   3   2  4 1  F           10524
   3   2  5 0  F           10385
   3   2  5 1  F            9921
   3   2  6 0  F            9769
   3   2  6 1  F            9843
   3   2  7 0  F           10195
   3   2  7 1  F           10557
   3   2  8 0  F           10916
   3   2  8 1  F           11078
   3   2  9 0  F           11188
   3   2  9 1  F           11290
   3   2 10 0  F           11363
   3   2 10 1  F           11513
   3   2 11 0  F           11480
   3   2 11 1  F           11422
   3   2 12 0  F           11265
   3   2 12 1  F           11278
   3   2 13 0  F           11484
   3   2 13 1  F           11670
   3   2 14 0  F           11838
   3   2 14 1  F           11956
   3   2 15 0  F           11983
   3   2 15 1  F           11966
   3   2 16 0  F           11890
   3   2 16 1  F           11813
   3   2 17 0  F           11631
   3   2 17 1  F           12180
   3   2 18 0  F           12172
   3   2 18 1  F           12063
   3   2 19 0  F           11928
   3   2 19 1  F           11809
   3   2 20 0  F           11686
   3   2 20 1  F           11773
   3   2 21 0  F           12094
   3   2 21 1  F           12289
   3   2 22 0  F           12256
   3   2 22 1  F           12122
   3   2 23 0  F           11978
   3   2 23 1  F           11834
   4   2  0 0  F            6631
   4   2  0 1  F            6569
   4   2  1 0  F            6473
   4   2  1 1  F            6391
   4   2  2 0  F            6320
   4   2  2 1  F            6233
   4   2  3 0  F            6152
   4   2  3 1  F            6069
   4   2  4 0  F            6037
   4   2  4 1  F            5999
   4   2  5 0  F            5980
   4   2  5 1  F            5878
   4   2  6 0  F            5758
   4   2  6 1  F            5557
   4   2  7 0  F            5528
   4   2  7 1  F            5589
   4   2  8 0  F            5759
   4   2  8 1  F            5890
   4   2  9 0  F            5983
   4   2  9 1  F            6042
   4   2 10 0  F            6102
   4   2 10 1  F            6120
   4   2 11 0  F            6096
   4   2 11 1  F            6061
   4   2 12 0  F            6044
   4   2 12 1  F            6071
   4   2 13 0  F            6223
   4   2 13 1  F            6381
   4   2 14 0  F            6544
   4   2 14 1  F            6624
   4   2 15 0  F            6637
   4   2 15 1  F            6615
   4   2 16 0  F            6559
   4   2 16 1  F            6479
   4   2 17 0  F            6322
   4   2 17 1  F            6229
   4   2 18 0  F            6231
   4   2 18 1  F            6290
   4   2 19 0  F            6391
   4   2 19 1  F            6440
   4   2 20 0  F            6459
   4   2 20 1  F            6493
   4   2 21 0  F            6540
   4   2 21 1  F            6644
   4   2 22 0  F            6733
   4   2 22 1  F            6735
   4   2 23 0  F            6697
   4   2 23 1  F            6699
   1   3  0 0  F           36523
   1   3 18 0  F           44095
   1   3 22 0  F           38151
   1   4  0 0  F           34346
   1   4  7 0  F           37726
   1   4 10 0  F           42052
   1   4 22 0  F           39198
   2   3  0 0  F            9866
   2   3 18 0  F           12158
   2   3 22 0  F            9830
   2   4  0 0  F            9174
   2   4  7 0  F           11131
   2   4 10 0  F           12023
   2   4 22 0  F           10657
   3   3  0 0  F           10335
   3   3 18 0  F           11910
   3   3 22 0  F           11360
   3   4  0 0  F           10483
   3   4  7 0  F           10570
   3   4 10 0  F           11338
   3   4 22 0  F           11572
   4   3  0 0  F            5807
   4   3 18 0  F            6208
   4   3 22 0  F            6345
   4   4  0 0  F            5944
   4   4  7 0  F            5618
   4   4 10 0  F            6125
   4   4 22 0  F            6504
  11   2  0 0  F             0.0
